195,57
195,56
195,55
195,54
195,53
195,52
195,51
195,50
195,49
195,48
195,47
195,46
195,45
195,44
195,43
195,42
195,41
195,40
195,39
195,38
195,37
195,36
195,35
3,2
3,1
3,3
10,245
10,226
10,198
10,207
10,291
10,155
10,131
10,1
10,170
10,2
10,3
11,17
11,30
11,25
11,27
11,18
11,6
11,1
11,14
11,2
11,3
9,7
9,6
9,1
9,4
9,2
9,3
8,11
8,18
8,6
8,13
8,15
8,1
8,12
8,2
8,3
0,318
12,2
12,1
12,3
189,3
189,2
189,1
189,0
186,3
186,2
186,1
20,2
186,0
185,3
185,2
185,1
20,1
185,0
184,3
184,2
184,1
20,3
184,0
182,3
182,2
182,1
182,0
19,2
181,3
181,2
181,1
19,1
181,0
180,3
180,2
180,1
19,3
180,0
179,3
179,2
179,1
179,0
178,4
178,3
178,2
178,1
178,0
177,3
177,2
177,1
177,0
175,3
175,2
175,1
18,1
175,0
174,4
174,3
174,2
18,3
174,1
174,0
173,3
173,2
173,1
14,7
173,0
14,3
172,3
172,2
172,1
13,1
172,0
171,3
171,2
171,1
13,3
171,0
